0.562     0.85      
0.625     0.85      
0.687     0.85      
0.75      0.85      
0.812     0.85      
0.875     0.85      
0.937     0.85      
1         0.85      
1.062     0.85      
1.125     0.85      
1.187     0.85      
1.25      0.85      
1.312     0.85      
1.375     0.85      
1.437     0.85      
1.5       0.85      
1.562     0.85      
1.625     0.85      
1.687     0.85      
1.75      0.85      
1.812     0.85      
1.875     0.85      
1.937     0.85      
2         0.85      
2.062     0.85      
2.125     0.85      
2.187     0.85      
2.25      0.85      
2.312     0.85      
2.375     0.85      
2.437     0.85      
2.5       0.85      
2.562     0.85      
2.625     0.85      
2.687     0.85      
2.75      0.85      
2.812     0.85      
2.875     0.85      
2.937     0.85      
3         0.85      
3.062     0.85      
3.125     0.85      
3.187     0.85      
3.25      0.85      
3.312     0.85      
3.375     0.85      
3.437     0.85      
3.5       0.85      
3.562     0.85      
3.625     0.85      
3.687     0.85      
3.75      0.85      
3.812     0.85      
3.875     0.85      
3.937     0.85      
4         0.85      
4.062     0.85      
4.125     0.85      
4.187     0.85      
4.25      0.85      
4.312     0.85      
4.375     0.85      
4.437     0.85      
4.5       0.85      
4.562     0.85      
4.625     0.85      
4.687     0.85      
4.75      0.85      
4.812     0.85      
4.875     0.85      
4.937     0.85      
5         0.85      
5.062     0.85      
5.125     0.85      
5.187     0.85      
5.25      0.85      
5.312     0.85      
5.375     0.85      
5.437     0.85      
5.5       0.85      
5.562     0.85      
5.625     0.85      
5.687     0.85      
5.75      0.85      
5.812     0.85      
5.875     0.85      
5.937     0.85      
6         0.85      
6.062     0.85      
6.125     0.85      
6.187     0.85      
6.25      0.85      
6.312     0.85      
6.375     0.85      
6.437     0.85      
6.5       0.85      
6.562     0.85      
6.625     0.85      
6.687     0.85      
6.75      0.85      
6.812     0.85      
6.875     0.85      
6.937     0.85      
7         0.85      
7.062     0.85      
7.125     0.85      
7.187     0.85      
7.25      0.85      
7.312     0.85      
7.375     0.85      
7.437     0.85      
7.5       0.85      
7.562     0.85      
7.625     0.85      
7.687     0.85      
7.75      0.85      
7.812     0.85      
7.875     0.85      
7.937     0.85      
8         0.85      
8.062     0.85      
8.125     0.85      
8.187     0.85      
8.25      0.85      
8.312     0.85      
8.375     0.85      
8.437     0.85      
8.5       0.85      
8.562     0.85      
8.625     0.85      
8.687     0.85      
8.75      0.85      
8.812     0.85      
8.875     0.85      
8.937     0.85      
9         0.85      
9.062     0.85      
9.125     0.85      
9.187     0.85      
9.25      0.85      
9.312     0.85      
9.375     0.85      
9.437     0.85      
9.5       0.85      
9.562     0.85      
9.625     0.85      
9.687     0.85      
9.75      0.85      
9.812     0.85      
9.875     0.85      
9.937     0.85      
10        0.85      
10.062    0.85      
10.125    0.85      
10.187    0.85      
10.25     0.85      
10.312    0.85      
10.375    0.85      
10.437    0.85      
10.5      0.85      
10.562    0.85      
10.625    0.85      
10.687    0.85      
10.75     0.85      
10.812    0.85      
10.875    0.85      
10.937    0.85      
11        0.85      
11.062    0.85      
11.125    0.85      
11.187    0.85      
11.25     0.85      
11.312    0.85      
11.375    0.85      
11.437    0.85      
11.5      0.85      
11.562    0.85      
11.625    0.85      
11.687    0.85      
11.75     0.85      
11.812    0.85      
11.875    0.85      
11.937    0.85      
12        0.85      
12.062    0.85      
12.125    0.85      
12.187    0.85      
12.25     0.85      
12.312    0.85      
12.375    0.85      
12.437    0.85      
12.5      0.85      
12.562    0.85      
12.625    0.85      
12.687    0.85      
12.75     0.85      
12.812    0.85      
12.875    0.85      
12.937    0.85      
13        0.85      
13.062    0.85      
13.125    0.85      
13.187    0.85      
13.25     0.85      
13.312    0.85      
13.375    0.85      
13.437    0.85      
13.5      0.85      
13.562    0.85      
13.625    0.85      
13.687    0.85      
13.75     0.85      
13.812    0.85      
13.875    0.85      
13.937    0.85      
14        0.85      
14.062    0.85      
14.125    0.85      
14.187    0.85      
14.25     0.85      
14.312    0.85      
14.375    0.85      
14.437    0.85      
14.5      0.85      
14.562    0.85      
14.625    0.85      
14.687    0.85      
14.75     0.85      
14.812    0.85      
14.875    0.85      
14.937    0.85      
15        0.85      
15.062    0.85      
15.125    0.85      
15.187    0.85      
15.25     0.85      
15.312    0.85      
15.375    0.85      
15.437    0.85      
15.5      0.85      
15.562    0.85      
15.625    0.85      
15.687    0.85      
15.75     0.85      
15.812    0.85      
15.875    0.85      
15.937    0.85      
16        0.85      
16.062    0.85      
16.125    0.85      
16.187    0.85      
16.25     0.85      
16.312    0.85      
16.375    0.85      
16.437    0.85      
16.5      0.85      
16.562    0.85      
16.625    0.85      
16.687    0.85      
16.75     0.85      
16.812    0.85      
16.875    0.85      
16.937    0.85      
17        0.85      
17.062    0.85      
17.125    0.85      
17.187    0.85      
17.25     0.85      
17.312    0.85      
17.375    0.85      
17.437    0.85      
17.5      0.85      
17.562    0.85      
17.625    0.85      
17.687    0.85      
17.75     0.85      
17.812    0.85      
17.875    0.85      
17.937    0.85      
18        0.85      
18.062    0.85      
18.125    0.85      
18.187    0.85      
18.25     0.85      
18.312    0.85      
18.375    0.85      
18.437    0.85      
18.5      0.85      
18.562    0.85      
18.625    0.85      
18.687    0.85      
18.75     0.85      
18.812    0.85      
18.875    0.85      
18.937    0.85      
19        0.85      
19.062    0.85      
19.125    0.85      
19.187    0.85      
19.25     0.85      
19.312    0.85      
19.375    0.85      
19.437    0.85      
19.5      0.85      
19.562    0.85      
19.625    0.85      
19.687    0.85      
19.75     0.85      
19.812    0.85      
19.875    0.85      
19.937    0.85      
20        0.85      
20.062    0.85      
20.125    0.85      
20.187    0.85      
20.25     0.85      
20.312    0.85      
20.375    0.85      
20.437    0.85      
20.5      0.85      
20.562    0.85      
20.625    0.85      
20.687    0.85      
20.75     0.85      
20.812    0.85      
20.875    0.85      
20.937    0.85      
21        0.85      
21.062    0.85      
21.125    0.85      
21.187    0.85      
21.25     0.85      
21.312    0.85      
21.375    0.85      
21.437    0.85      
21.5      0.85      
21.562    0.85      
21.625    0.85      
21.687    0.85      
21.75     0.85      
21.812    0.85      
21.875    0.85      
21.937    0.85      
22        0.85      
22.062    0.85      
22.125    0.85      
22.187    0.85      
22.25     0.85      
22.312    0.85      
22.375    0.85      
22.437    0.85      
22.5      0.85      
22.562    0.85      
22.625    0.85      
22.687    0.85      
22.75     0.85      
22.812    0.85      
22.875    0.85      
22.937    0.85      
23        0.85      
23.062    0.85      
23.125    0.85      
23.187    0.85      
23.25     0.85      
23.312    0.85      
23.375    0.85      
23.437    0.85      
23.5      0.85      
23.562    0.85      
23.625    0.85      
23.687    0.85      
23.75     0.85      
23.812    0.85      
23.875    0.85      
23.937    0.85      
24        0.85      
24.062    0.85      
24.125    0.85      
24.187    0.85      
24.25     0.85      
24.312    0.85      
24.375    0.85      
24.437    0.85      
24.5      0.85      
24.562    0.85      
24.625    0.85      
24.687    0.85      
24.75     0.85      
24.812    0.85      
24.875    0.85      
24.937    0.85      
25        0.85      
25.062    0.85      
25.125    0.85      
25.187    0.85      
25.25     0.85      
25.312    0.85      
25.375    0.85      
25.437    0.85      
25.5      0.85      
25.562    0.85      
25.625    0.85      
25.687    0.85      
25.75     0.85      
25.812    0.85      
25.875    0.85      
25.937    0.85      
26        0.85      
26.062    0.85      
26.125    0.85      
26.187    0.85      
26.25     0.85      
26.312    0.85      
26.375    0.85      
26.437    0.85      
26.5      0.85      
26.562    0.85      
26.625    0.85      
26.687    0.85      
26.75     0.85      
26.812    0.85      
26.875    0.85      
26.937    0.85      
27        0.85      
27.062    0.85      
27.125    0.85      
27.187    0.85      
27.25     0.85      
27.312    0.85      
27.375    0.85      
27.437    0.85      
27.5      0.85      
27.562    0.85      
27.625    0.85      
27.687    0.85      
27.75     0.85      
27.812    0.85      
27.875    0.85      
27.937    0.85      
28        0.85      
28.062    0.85      
28.125    0.85      
28.187    0.85      
28.25     0.85      
28.312    0.85      
28.375    0.85      
28.437    0.85      
28.5      0.85      
28.562    0.85      
28.625    0.85      
28.687    0.85      
28.75     0.85      
28.812    0.85      
28.875    0.85      
28.937    0.85      
29        0.85      
29.062    0.85      
29.125    0.85      
29.187    0.85      
29.25     0.85      
29.312    0.85      
29.375    0.85      
29.437    0.85      
29.5      0.85      
29.562    0.85      
29.625    0.85      
29.687    0.85      
29.75     0.85      
29.812    0.85      
29.875    0.85      
29.937    0.85      
30        0.85      
30.062    0.85      
30.125    0.85      
30.187    0.85      
30.25     0.85      
30.312    0.85      
30.375    0.85      
30.437    0.85      
30.5      0.85      
30.562    0.85      
30.625    0.85      
30.687    0.85      
30.75     0.85      
30.812    0.85      
30.875    0.85      
30.937    0.85      
31        0.85      
31.062    0.85      
31.125    0.85      
31.187    0.85      
31.25     0.85      
31.312    0.85      
31.375    0.85      
31.437    0.85      
31.5      0.85      
31.562    0.85      
31.625    0.85      
31.687    0.85      
31.75     0.85      
31.812    0.85      
31.875    0.85      
31.937    0.85      
32        0.85      
32.062    0.85      
32.125    0.85      
32.187    0.85      
32.25     0.85      
32.312    0.85      
32.375    0.85      
32.437    0.85      
32.5      0.85      
32.562    0.85      
32.625    0.85      
32.687    0.85      
32.75     0.85      
32.812    0.85      
32.875    0.85      
32.937    0.85      
33        0.85      
33.062    0.85      
33.125    0.85      
33.187    0.85      
33.25     0.85      
33.312    0.85      
33.375    0.85      
33.437    0.85      
33.5      0.85      
33.562    0.85      
33.625    0.85      
33.687    0.85      
33.75     0.85      
33.812    0.85      
33.875    0.85      
33.937    0.85      
34        0.85      
34.062    0.85      
34.125    0.85      
34.187    0.85      
34.25     0.85      
34.312    0.85      
34.375    0.85      
34.437    0.85      
34.5      0.85      
34.562    0.85      
34.625    0.85      
34.687    0.85      
34.75     0.85      
34.812    0.85      
34.875    0.85      
34.937    0.85      
35        0.85      
35.062    0.85      
35.125    0.85      
35.187    0.85      
35.25     0.85      
35.312    0.85      
35.375    0.85      
35.437    0.85      
35.5      0.85      
35.562    0.85      
35.625    0.85      
35.687    0.85      
35.75     0.85      
35.812    0.85      
35.875    0.85      
35.937    0.85      
36        0.85      
36.062    0.85      
36.125    0.85      
36.187    0.85      
36.25     0.85      
36.312    0.85      
36.375    0.85      
36.437    0.85      
36.5      0.85      
36.562    0.85      
36.625    0.85      
36.687    0.85      
36.75     0.85      
36.812    0.85      
36.875    0.85      
36.937    0.85      
37        0.85      
37.062    0.85      
37.125    0.85      
37.187    0.85      
37.25     0.85      
37.312    0.85      
37.375    0.85      
37.437    0.85      
37.5      0.85      
37.562    0.85      
37.625    0.85      
37.687    0.85      
37.75     0.85      
37.812    0.85      
37.875    0.85      
37.937    0.85      
38        0.85      
38.062    0.85      
38.125    0.85      
38.187    0.85      
38.25     0.85      
38.312    0.85      
38.375    0.85      
38.437    0.85      
38.5      0.85      
38.562    0.85      
38.625    0.85      
38.687    0.85      
38.75     0.85      
38.812    0.85      
38.875    0.85      
38.937    0.85      
39        0.85      
39.062    0.85      
39.125    0.85      
39.187    0.85      
39.25     0.85      
39.312    0.85      
39.375    0.85      
39.437    0.85      
39.5      0.85      
39.562    0.85      
39.625    0.85      
39.687    0.85      
39.75     0.85      
39.812    0.85      
39.875    0.85      
39.937    0.85      
40        0.85      
40.062    0.85      
40.125    0.85      
40.187    0.85      
40.25     0.85      
40.312    0.85      
40.375    0.85      
40.437    0.85      
40.5      0.85      
40.562    0.85      
40.625    0.85      
40.687    0.85      
40.75     0.85      
40.812    0.85      
40.875    0.85      
40.937    0.85      
41        0.85      
41.062    0.85      
41.125    0.85      
41.187    0.85      
41.25     0.85      
41.312    0.85      
41.375    0.85      
41.437    0.85      
41.5      0.85      
41.562    0.85      
41.625    0.85      
41.687    0.85      
41.75     0.85      
41.812    0.85      
41.875    0.85      
41.937    0.85      
42        0.85      
42.062    0.85      
42.125    0.85      
42.187    0.85      
42.25     0.85      
42.312    0.85      
42.375    0.85      
42.437    0.85      
42.5      0.85      
42.562    0.85      
42.625    0.85      
42.687    0.85      
42.75     0.85      
42.812    0.85      
42.875    0.85      
42.937    0.85      
43        0.85      
43.062    0.85      
43.125    0.85      
43.187    0.85      
43.25     0.85      
43.312    0.85      
43.375    0.85      
43.437    0.85      
43.5      0.85      
43.562    0.85      
43.625    0.85      
43.687    0.85      
43.75     0.85      
43.812    0.85      
43.875    0.85      
43.937    0.85      
44        0.85      
44.062    0.85      
44.125    0.85      
44.187    0.85      
44.25     0.85      
44.312    0.85      
44.375    0.85      
44.437    0.85      
44.5      0.85      
44.562    0.85      
44.625    0.85      
44.687    0.85      
44.75     0.85      
44.812    0.85      
44.875    0.85      
44.937    0.85      
45        0.85      
45.062    0.85      
45.125    0.85      
45.187    0.85      
45.25     0.85      
45.312    0.85      
45.375    0.85      
45.437    0.85      
45.5      0.85      
45.562    0.85      
45.625    0.85      
45.687    0.85      
45.75     0.85      
45.812    0.85      
45.875    0.85      
45.937    0.85      
46        0.85      
46.062    0.85      
46.125    0.85      
46.187    0.85      
46.25     0.85      
46.312    0.85      
46.375    0.85      
46.437    0.85      
46.5      0.85      
46.562    0.85      
46.625    0.85      
46.687    0.85      
46.75     0.85      
46.812    0.85      
46.875    0.85      
46.937    0.85      
47        0.85      
47.062    0.85      
47.125    0.85      
47.187    0.85      
47.25     0.85      
47.312    0.85      
47.375    0.85      
47.437    0.85      
47.5      0.85      
47.562    0.85      
47.625    0.85      
47.687    0.85      
47.75     0.85      
47.812    0.85      
47.875    0.85      
47.937    0.85      
48        0.85      
48.062    0.85      
48.125    0.85      
48.187    0.85      
48.25     0.85      
48.312    0.85      
48.375    0.85      
48.437    0.85      
48.5      0.85      
48.562    0.85      
48.625    0.85      
48.687    0.85      
48.75     0.85      
48.812    0.85      
48.875    0.85      
48.937    0.85      
49        0.85      
49.062    0.85      
49.125    0.85      
49.187    0.85      
49.25     0.85      
49.312    0.85      
49.375    0.85      
49.437    0.85      
49.5      0.85      
49.562    0.85      
49.625    0.85      
49.687    0.85      
49.75     0.85      
49.812    0.85      
49.875    0.85      
49.937    0.85      
50        0.85      
50.062    0.85      
50.125    0.85      
50.187    0.85      
50.25     0.85      
50.312    0.85      
50.375    0.85      
50.437    0.85      
50.5      0.85      
50.562    0.85      
50.625    0.85      
50.687    0.85      
50.75     0.85      
50.968    0.85      
50.984    0.85      
51        0.85      
51        0.85      
51.062    0.85      
51.125    0.85      
51.187    0.85      
51.25     0.85      
51.312    0.85      
51.375    0.85      
51.437    0.85      
51.5      0.85      
51.562    0.85      
51.625    0.85      
51.687    0.85      
51.75     0.85      
51.812    0.85      
51.875    0.85      
51.937    0.85      
52        0.85      
52.062    0.85      
52.125    0.85      
52.187    0.85      
52.25     0.85      
52.312    0.85      
52.375    0.85      
52.437    0.85      
52.5      0.85      
52.562    0.85      
52.625    0.85      
52.687    0.85      
52.75     0.85      
52.812    0.85      
52.875    0.85      
52.937    0.85      
53        0.85      
53.062    0.85      
53.125    0.85      
53.187    0.85      
53.25     0.85      
53.312    0.85      
53.375    0.85      
53.437    0.85      
53.5      0.85      
53.562    0.85      
53.625    0.85      
53.687    0.85      
53.75     0.85      
53.812    0.85      
53.875    0.85      
53.937    0.85      
54        0.85      
54.062    0.85      
54.125    0.85      
54.187    0.85      
54.25     0.85      
54.312    0.85      
54.375    0.85      
54.437    0.85      
54.5      0.85      
54.562    0.85      
54.625    0.85      
54.687    0.85      
54.75     0.85      
54.812    0.85      
54.875    0.85      
54.937    0.85      
55        0.85      
55.062    0.85      
55.125    0.85      
55.187    0.85      
55.25     0.85      
55.312    0.85      
55.375    0.85      
55.437    0.85      
55.5      0.85      
55.562    0.85      
55.625    0.85      
55.687    0.85      
55.75     0.85      
55.812    0.85      
55.875    0.85      
55.937    0.85      
56        0.85      
56.062    0.85      
56.125    0.85      
56.187    0.85      
56.25     0.85      
56.312    0.85      
56.375    0.85      
56.437    0.85      
56.5      0.85      
56.562    0.85      
56.625    0.85      
56.687    0.85      
56.75     0.85      
56.812    0.85      
56.875    0.85      
56.937    0.85      
57        0.85      
57.062    0.85      
57.125    0.85      
57.187    0.85      
57.25     0.85      
57.312    0.85      
57.375    0.85      
57.437    0.85      
57.5      0.85      
57.562    0.85      
57.625    0.85      
57.687    0.85      
57.75     0.85      
57.812    0.85      
57.875    0.85      
57.937    0.85      
58        0.85      
58.062    0.85      
58.125    0.85      
58.187    0.85      
58.25     0.85      
58.312    0.85      
58.375    0.85      
58.437    0.85      
58.5      0.85      
58.562    0.85      
58.625    0.85      
58.687    0.85      
58.75     0.85      
58.812    0.85      
58.875    0.85      
58.937    0.85      
59        0.85      
59.062    0.85      
59.125    0.85      
59.187    0.85      
59.25     0.85      
59.312    0.85      
59.375    0.85      
59.437    0.85      
59.5      0.85      
59.562    0.85      
59.625    0.85      
59.687    0.85      
59.75     0.85      
59.812    0.85      
59.875    0.85      
59.937    0.85      
60        0.85      
60.062    0.85      
60.125    0.85      
60.187    0.85      
60.25     0.85      
60.312    0.85      
60.375    0.85      
60.437    0.85      
60.5      0.85      
60.562    0.85      
60.625    0.85      
60.687    0.85      
60.75     0.85      
60.812    0.85      
60.875    0.85      
60.937    0.85      
61        0.85      
61.062    0.85      
61.125    0.85      
61.187    0.85      
61.25     0.85      
61.312    0.85      
61.375    0.85      
61.437    0.85      
61.5      0.85      
61.562    0.85      
61.625    0.85      
61.687    0.85      
61.75     0.85      
61.812    0.85      
61.875    0.85      
61.937    0.85      
62        0.85      
62.062    0.85      
62.125    0.85      
62.187    0.85      
62.25     0.85      
62.312    0.85      
62.375    0.85      
62.437    0.85      
62.5      0.85      
62.562    0.85      
62.625    0.85      
62.687    0.85      
62.75     0.85      
62.812    0.85      
62.875    0.85      
62.937    0.85      
63        0.85      
